record
record
record
record
